date,total_cases,daily_cases,active_cases,total_deaths,daily_deaths
2020-02-15,16,,13.0,0,
2020-02-16,16,0.0,13.0,0,
2020-02-17,16,0.0,9.0,0,
2020-02-18,16,0.0,7.0,0,
2020-02-19,16,0.0,7.0,0,
2020-02-20,16,0.0,3.0,0,0.0
2020-02-21,16,0.0,2.0,0,0.0
2020-02-22,16,0.0,2.0,0,0.0
2020-02-23,16,0.0,2.0,0,0.0
2020-02-24,16,0.0,2.0,0,0.0
2020-02-25,18,2.0,3.0,0,0.0
2020-02-26,26,8.0,11.0,0,0.0
2020-02-27,48,22.0,32.0,0,0.0
2020-02-28,74,26.0,58.0,0,0.0
2020-02-29,79,5.0,63.0,0,0.0
2020-03-01,130,51.0,114.0,0,0.0
2020-03-02,165,35.0,149.0,0,0.0
2020-03-03,203,38.0,187.0,0,0.0
2020-03-04,262,59.0,246.0,0,0.0
2020-03-05,545,283.0,528.0,0,0.0
2020-03-06,670,125.0,652.0,0,0.0
2020-03-07,800,130.0,782.0,0,0.0
2020-03-08,1040,240.0,1022.0,0,0.0
2020-03-09,1224,184.0,1204.0,2,2.0
2020-03-10,1565,341.0,1545.0,2,0.0
2020-03-11,1966,401.0,1938.0,3,1.0
2020-03-12,2745,779.0,2714.0,6,3.0
2020-03-13,3675,930.0,3621.0,8,2.0
2020-03-14,4599,924.0,4544.0,9,1.0
2020-03-15,5813,1214.0,5754.0,13,4.0
2020-03-16,7272,1459.0,7188.0,17,4.0
2020-03-17,9367,2095.0,9274.0,26,9.0
2020-03-18,12327,2960.0,12194.0,28,2.0
2020-03-19,15320,2993.0,15161.0,44,16.0
2020-03-20,19848,4528.0,19600.0,68,24.0
2020-03-21,22364,2516.0,22071.0,84,16.0
2020-03-22,24873,2509.0,24513.0,94,10.0
2020-03-23,29056,4183.0,28480.0,123,29.0
2020-03-24,32991,3935.0,29542.0,159,36.0
2020-03-25,37323,4332.0,33570.0,206,47.0
2020-03-26,43938,6615.0,37998.0,267,61.0
2020-03-27,50871,6933.0,43862.0,351,84.0
2020-03-28,57695,6824.0,48781.0,433,82.0
2020-03-29,62435,4740.0,52683.0,541,108.0
2020-03-30,66885,4450.0,52740.0,645,104.0
2020-03-31,71808,4923.0,54933.0,775,130.0
2020-04-01,77981,6173.0,58350.0,931,156.0
2020-04-02,84794,6813.0,61247.0,1107,176.0
2020-04-03,91159,6365.0,65309.0,1275,168.0
2020-04-04,96092,4933.0,68248.0,1444,169.0
2020-04-05,100123,4031.0,69839.0,1584,140.0
2020-04-06,103375,3252.0,72865.0,1810,226.0
2020-04-07,107663,4288.0,69566.0,2016,206.0
2020-04-08,113296,5633.0,64647.0,2349,333.0
2020-04-09,118235,4939.0,63221.0,2607,258.0
2020-04-10,122171,3936.0,65522.0,2736,129.0
2020-04-11,125452,3281.0,65181.0,2871,135.0
2020-04-12,127854,2402.0,64532.0,3022,151.0
2020-04-13,130072,2218.0,62578.0,3194,172.0
2020-04-14,132210,2138.0,60515.0,3495,301.0
2020-04-15,134753,2543.0,58349.0,3804,309.0
2020-04-16,137698,2945.0,56646.0,4052,248.0
2020-04-17,141397,3699.0,53931.0,4352,300.0
2020-04-18,143724,2327.0,53786.0,4538,186.0
2020-04-19,145742,2018.0,53100.0,4642,104.0
2020-04-20,147065,1323.0,50703.0,4862,220.0
2020-04-21,148453,1388.0,48167.0,5086,224.0
2020-04-22,150648,2195.0,45933.0,5315,229.0
2020-04-23,153129,2481.0,44254.0,5575,260.0
2020-04-24,154999,1870.0,42439.0,5760,185.0
2020-04-25,156513,1514.0,40836.0,5877,117.0
2020-04-26,157770,1257.0,39794.0,5976,99.0
2020-04-27,158758,988.0,38132.0,6126,150.0
2020-04-28,159912,1154.0,36198.0,6314,188.0
2020-04-29,161539,1627.0,34672.0,6467,153.0
2020-04-30,163009,1470.0,32886.0,6623,156.0
2020-05-01,164077,1068.0,30441.0,6736,113.0
2020-05-02,164967,890.0,29155.0,6812,76.0
2020-05-03,165664,697.0,28198.0,6866,54.0
2020-05-04,166152,488.0,26459.0,6993,127.0
2020-05-05,167007,855.0,24914.0,6993,0.0
2020-05-06,168162,1155.0,23191.0,7275,282.0
2020-05-07,169430,1268.0,22138.0,7392,117.0
2020-05-08,170588,1158.0,21378.0,7510,118.0
2020-05-09,171324,736.0,20475.0,7549,39.0
2020-05-10,171879,555.0,19910.0,7569,20.0
2020-05-11,172576,697.0,19298.0,7661,92.0
2020-05-12,173171,595.0,18233.0,7738,77.0
2020-05-13,174098,927.0,17537.0,7861,123.0
2020-05-14,174975,877.0,16747.0,7928,67.0
2020-05-15,175699,724.0,15998.0,8001,73.0
2020-05-16,176244,545.0,15617.0,8027,26.0
2020-05-17,176651,407.0,15202.0,8049,22.0
2020-05-18,177289,638.0,14566.0,8123,74.0
2020-05-19,177827,538.0,13934.0,8193,70.0
2020-05-20,178531,704.0,13361.0,8270,77.0
2020-05-21,179021,490.0,12712.0,8309,39.0
2020-05-22,179713,692.0,12361.0,8352,43.0
2020-05-23,179986,273.0,11720.0,8366,14.0
2020-05-24,180328,342.0,11657.0,8371,5.0
2020-05-25,180789,461.0,11161.0,8428,57.0
2020-05-26,181288,499.0,10790.0,8498,70.0
2020-05-27,181895,607.0,10562.0,8533,35.0
2020-05-28,182452,557.0,10682.0,8570,37.0
2020-05-29,183019,567.0,10325.0,8594,24.0
2020-05-30,183294,275.0,9794.0,8600,6.0
2020-05-31,183494,200.0,9689.0,8605,5.0
2020-06-01,183765,271.0,9247.0,8618,13.0
2020-06-02,184091,326.0,9017.0,8674,56.0
2020-06-03,184163,72.0,9061.0,8677,3.0
